398 ceolum. 11111111.1,1111111111.11111111111111111111111. 1111, 11111111.

memus. 111111111111111 nostru 1111111111111. 11111 prociarum spectaculum 1111·
1111 1111111111111111 religionis? Ciomrns 111111 suso 1111111111 11111111111111111111·
1111111 11111111111111; 1111111 1111111111, 11111 rudius optari poluit 111 1111111111 111111-
munior: 11 isti 1111111111 1111111111111, 1111111 111111111111111111111111111111 omnium
1111111111. 111111111111111 11 111111111111111111111111111111111·111111111111111111-1
11111 11 fortunas 11 rupim 1111111111111111. 111 si 1111, 111111, 1111111111111111111111·
1111111111 1111111111111111111111111. duis 1111111 11111 1111111111111111, 11111 1111111111
1111111111 1111 1111111111 1111111111, uro 1111111111111. 111 111111111111111111111111. nisi
111111111 111 11111111111111111111111111111111 11 1111111111 iuis 11111111 111 11 1111111111111-
ritu 1111111111, 11111111 scripsit 11 11111111) 11111. 1111111111 1111 crimen. si 11111111
111111 1111111111. 111, 111111111111 11111111111111 11111. 111111111111111111111, 1111 si 111
11111111 111111 1111111111111111111111. 111111 senioris udurissnur 111, 111111 111111 1111111-
neo? Non resono 1111111111 11111111111111 1111111111111. sod 111 1111111 11111 1111111
1111111111 rumino, 11 1111111111111 qni 1111 urinis pius 111111 11111111111, 1111111111
pharmacis 11111111 11111111 1111111. 1111111111 1111111 eorporis periculo. 1111111111
11111111111111 1111111111 1111111111111 indutis, 11111 1 111111 logis 1111111111 1111 111·
1111111 11111111, 1111111111 opinor 11111 1111111111 1111 11111 plurimis 11111 11111111
111 11111111111111, 111 1111111111, 1111 insignium 1111111111 1111111111111111111111
1111111111 huius 11111111 1111111111 11111111 1111111111. m inierim 111111 iilos
orrusse. 11111 1111111 11111111111; 11111 11111111 11111111111111111111111111111 (lini-m
111 1111111111, 11 111111111 (prid sim pro 11111 1111111111111111 1111111111 111 modium
arrarum. 8111111111111111111, ud 111111111111111111111. Uirium 11111 [rapsodiam 111111
1111111111 111111111111 11111 1111111111. 1111111111111 111111111111111 quiescere, 11·
111111111111111111111111111, 111, 1111111 11111 Ι111111, oum 111111 1111111111 quanquam
1111111111 11111111 1111 11111 1111111111 111111, 11111111 111111111 1111111111111 iaculum-m
111111 1111111 11111111111111 sugit 1 1111, 11111111111, srd ‹pri 111111111111111 rospon-
surum 111111 criminatur: 1111 1111111111 1111111111, 111111111111 mors 1111111111 111 1111·
11111,111111111111111111111 11111111111111 1111 irrisorii-ordinm: 11 1111111111111111111 1111
morum 111111111111, 111111111111111111111111111111111111111111 11111111111111111111. ri·
1111111111111111 111111111111111111 11111111 instituo-mn. 1111 1111111 1111 possum 11111111
1111111111, 1111111111111111111111111111111111111111 111111 «11111111 compuri. 1111 pianr
1111111111 11111111 11111111111111 spiritu 1111111111 dissidiorum 1111111111 11111111 ar
gignunt 11111 so 1111111111111 1111111111 1111111111 inolitum: 11111 1111111111. 1111111111
ipse 11111111111111111, 11111111 (11111111 1111111 1111111111· 1111111111 11111, 1111111 parum
1111111111 ruo 11111111111111, nogioni, 111111 111 111 1111111111111111 11 colloquio: 111-,11
11111111111 111111111111111 11111, 11111111 1111 sotis 11111111111111111 111111111111111111111,
111111 111111111111111111111111111 11111111111111111111111 1111111111 1111, 111111111111111111
11111111111111 1111111111111111111111111111111111; 11111111 rnsu 111111 111111111111111111,
rogo, 111111 1111111 11111 1111111 111 1111 11111111111111. 1111 1111111111111, 1111 in·
lirinus, 111. romilius: 11111111 11111111 1111111111111111 dimum fuisso 1 111111111111
1111111111 1111111, 11111 111111 111111 unimur: 11 11111 11111111, 111 1111111111111111111111.
sod 111 iuro dormis: iprum 1111111111, 111 1111111111 111111. 111111111111111111111111111
11 cousinio, 1111111111 11 audisso 11111111 1111111111 11111111111111111111111, 1111111111-
sus 11111111 11111111111 1111111111111 1111111111111, 1111111111111111111. 111111 111111
111111111111111111 111111111111. opo noudum 11111111111111, 11111111111111111111111111
1111111111 111111111111111111111111111111111111 1111111111, 111111 possm 1111111111 dissidium
11111 1111111 111111111111 111111111111 1111111111 dispondiuur 1111111111 1111111111. 1111111 111
111111111111·1111111.·1111111; 11111111 11111· 1111111111 osso, 1111. 111, 111111 111 principos
unu 11111 1111111111. Posi 11111111 diis 1111111111 1111111111111 111111 1111111111 didiri
11 11111111111111111111 11111111 1111111111 1111111 111-111111111111111111·1111111111111151

 

