CCCXVI. 111111111111.111111111111111111111111111. n. 11. 111.. 1111. 251

111111.. CCCXVI. 11111. 111.

[DESlDElqu ERASMVS ROTERODAMVS]
CLARISSIMO 1111111111111110 [PIRGKIIEIMEHO] CAESAREO CONSILIARIO S.

11111111 nostro [1111111111 animo: diguus est 1111111 11111111111111111 11111111·
stur. coeperat me pingere 11111111111; utinam perfecisset. Nos 11111111 in statu

CCCXYI. l: l'irckheimeri Opp. (Iud. bibl. 111. 51).) p. 275. 2=Erasmi ΕΝ).
(Iud. bibl. 11⁰. 11111. 1020. XXX. 29. 3=Eras1ni Epp. 111111. bibl. n. 53,s.) p. 721.
11⁰. ncxm. 4: Hutt. Miineh. lv. p. 572. sq.

³ Bilibaldo suo Erasmus S. P. 2. 3. 511111111111111 1.

* De Durero Erasmique inter se obviis ox 111111 commentariis diurnis (11111111
111111111111111 111 1. 1111111 31111111111111111111111. Vll. 111. 1111111. 1779. 8⁰. p. 61.
71718188111.) 1111 locos repetendo gratam lectoribus rem 1111111 puto: 1520.
„jum eramus 11111 111 1111111111, 111 1111111111 111111 ,11111 11111111 [111 11111ῃί1111]
11111 1111111111111111111111 111. jum 111 11111111 111 1111 1111111111111111111111...” ,,..
1111111111111111111111 111 11111 1111 11111111 1111111111 11 811111 11111111. 3111111111
1111111111 111 11 in 1111111 11111111 1111111111 1111111111,111 111111111111111 8111111·
11111 ,11111111 1111111111 1111111111 111111111111111111 .·-'' ,131111 1111111111
11111111 11111 31111 11111111, 111 1111 11111111 1111111111 31111111, 111 1111111111, ,1111-
11111111 1111 1111 1111111111 1111111111, S. 3111111111, 111 2 1111111 1111111111111, 1111
111 111111 11111111, 11 111 1111111 31111111, 1111 11111111, 111 111111811111111111 111111-
111 111, 1111 1111111111111111111111,11111111111111, 1131111111, 111 11111111 1111·
1111111111 1111111, 111111 1111,111 111111 1111111111 111, 111 111111 11111.” 1521.
„filit 11111111111111111111111,111111111111111111111 111 1111 111, 11111113* „jum
111 1111111 1111 1111111111 111 1511 311 1111 1111111111 gutum, 111 11111 11111111
1111111 11 111111111111 11111111 1111, 1111 11 11111 111 8111111 1111111 1111111 1111111111
1111111111 oluit 1111 1111111, 1111 11111 11 1111111111, 1111 111111111111111111 11111
111 11111111 11 1111 11111111111 0111, 1111, 1111111111111 1111 11111, 1111111 111
1111 ........ 0 Θ111, 111 111111 1111, 1111 11111 1111 11111111 111 111111 1111111-
11111 11 11111111111111 31 1111, 11111111 11 1111111111 101111203111111 11111111
11111111 0 111 11111111111111111111111111, 11111 mit 1111111 1111111111 111111 1111111·
1111111 1111111111, 11111111 1111111, 111 11 111 1111 1111111, 111111111 ,111111 11111, 0
Erasmo Roterodame 111 11111111 11111111 1111, 1111 11111111 111 1111111111ῖ1111111111111
1111111111 Θ111111, 111 ,111111 111 ,1111111111 111 1111111111 11111111, 111111 111111 111111
1111 111111 1111111111, 1111111111111111111, 111111 111 1111111111 11111, 111 1111111
11111 111 11111 1111111111. 31 111 1111111111111,11111111111111 111 1311111111·
1111 1111,11111 1111111111, 11111111 11111, 111111111 111 11111111,1111ἰ111111111 1111
1111 1111111 1111111111111111111 11 aut, 11111 1111111111 111111, 11 11111111 111 111111
11111111, 111 11111111 511111, 1111 11111111 1111, nit 111111 111 1111111, 1111 1111111
1111111111111111111 1111111111111111 1111111111, 111-81111 11111111111111 in 1111113111
1111111, 111 11111111 1111 11111 1111 11111 1111 11111111, 11 1111111111 1111111111 tunt
111 111111 11111111, 1111 1111 1111111111 11111111111. 11111 11 11 1111111 1111 11111·
1111, 11111111111111111, 11 1111111111 1111 11111111, 111 1111111 1111 1111111111
111111 11111111 1111111111 111111. 0) Ε111111, 1111 111111, 111 111 1111 11111 11111111,
mie 1111 111111 1111111111 11111, 111111 1111111 111111, 111111111111111111111 Gn·

11111 111111, 1111 11111 111111 111111111111111 11111111111111111111, 1111111 11111111

 

