CCLXXV. 1cn 333 n. 3333333 33. cenxxvl. nonni„ 1331333333 3333333333. 101

31111111 13311113313113133 333 1331111333 13 3311 333
333333 311 33313133 33111133 3131313133
311333 33131 3331 311 13 133133 333 1311333 11311
313 33 311 miii 3113 13 11133133 311
331 3311113133 3331331113 11133 13133
33 11133331 13 313 33 333 13 11133 3113113133
33 311 3333113313 13313333 1331133 33133133
333 1113 333 33311 133 311 33113333
311 3311111333 1313133133 13331133 1331331331 311 13133 13333
133333 3331) 1311 3311311333 313 333 133133 331331113333
Doni 133 33333 33311 13331331 3311113133 333333333
33 1311111111 31133133 131 133 13 33313 331313 3333. ,
133 gilio 1313 333 1331331311
3113133 33333333 3131133 13111
t? 33 3331131131. 53

.——--—··--—

CCLXXVI.

1.

[11133113 333 1111311331]
siin 1111111113 1131 33333 1111111313313111133 13331133 11333133,
333 133133 1133131 13111333 333 1313111333 1131133.
§iun 333 33133 313 (1331113333 333 311131 mind).

133 1131133131 ,11131311311331 nit 131 1311111 1311 33311313.

litt 3311 1133131311.

i

²⁵ 311 331133 3333131331 3133 33133333 333 31313 xiiij. 3131313133 onia 13 1113 5. ³-
33133333313313111, 333333131331111111) 1313 31 33313 313 131 111333 311333 13333 3331111
1131131131 11311 331333133131131133 11311133 1133311, 1331313331 13 13131133131111313313-
1331 31333133 1133311 331 33313113 33331, 313 333333 333331133 131133 11131 333 13311.
1111 3333313 313313 133333331311131333 11) 13 3133311 1113 3313 1331311 3313113111 1311,

133333 13313 333 331331 1313 333 13313 131333111313133131 3111333131, 311113333
311 331 1113313133 33133 133313331313131113 333 3333 333 11133 333 11133 313
31311333 311 331 13133, 1311113 31133 313 31 33333 3113333 31⁰1 113133 3333 313,
313 3313333 13311, 3313333 1331133113131333 333 33331 3313331333 1331133, 113 313

CCLXXVI. 1 :Primum exemplum quod secundum Goodokinm (Grundr. d. I).

nieht. 1321131311.) 1113311333 op. P. (1331333331333331111 et cuins inscriptiones

singulorum sociorum picturis xylographis exornantur, 33331333 snm. sed contuli

311333 2333331313331133333, quod, 131 3133133333, sine anni locive indicatione,

sed noc repetitis picturis xyiographiois, item, 131 videtur, Basileae 3. 1521. rope·

111333 331. Nolui conferre 3) 31113313ἰὶ exemplum prioris 113133 conquestionis, quod
est in Epp. 0. V. ab ipso editarum p. ΜΕ-

²⁶ 1131313311 1. 3333113331 2. ³⁰ ’131313 1133331313 (1) 131113 int ῦ31113313333.

 

