‘ccchxxuk 111 11111111 1111111. 1111111111 vamum. 11111 oen 1111111111. 1123

111 1111 1111111111, 1111 11111111.
11111 1111111111, 1111 1111111111.
11 11111 111111 111111 11 111111 1111111111,
,111 1111111111 11111 1111111111.
,111 11 111 11 1111 111111111111,
111 1111111 111111 111 1111111 11111111.
βυ 1111, 1111111111111 11111111,
(11.1) 1111111111 11111111 1111111 111 111111
1111 1111 jn 111 111111 111111111111
(311 1111111 1111111 111 1111111
1111 11111 111 1111111 1111 1111111111
1111111111 11111 1111111 111111)
111 1111 111111111111111 11 111111,
11111 1111 111111 11 1111 1111111111,
jn 11111111 11 1111 1111 111111.
111111111111111, 11111111, 1111111111,
Cn 111111 111 1111111 1111 1111111111.
(111) 111 111 11 1111111111) 1111 11111111.
Dus 11111 1111111111 111111 1111111,
911 11111 11111111 1111111111
,111111111111 11111, 1111 1111111 1111,
11111 11111 11 111111111111111111,
111 91111111 1111111 11111 1111111111.
1111111111 11 111 111) 11111,
(111) Qu 111 1111111 1111111 1111111111 111,

1111111111 ,11111 5111111”;

111 11 111 111 111) 11111 1111111 1111,
prr 111111 1111111111 3111111111
111 111 1111111 111 11111111 111.
(1111) 11111111 1111111 (1111 11111111 11111)
§rin 1111 111111111 111 11111111,

111 111,111 11 1111111111 111111,
111 111111 1111111 1111111111,

11111 111) 1111 1111 111 1111111,
1111111111 1111111 1111 111111,
9111111111 111 11111111 111 1111111

,311 1111111111111111111 111,

1111 11111111111111 11111111.
111 1111 11111 11111 1111111 11111111 1111.
(1111) &ab 1111111 111 111111 11111111.

11111 111 1111111 1111111111 11111111
1111 111111,11111111 11111 1111111.

υ111 11 1111111111111 3¹¹
111 1111111111 11111111 11,

1111111111 1111 11 11111111 111111
911 11111111 11111111 11111111 111111.

111 1111111111 111111 111111 111111111,
111 1111 111 11111 11 11111 11 11111)

 

