cechxxul. 111 mmo 111111. 1111111111 1111111111. 11111 11111 1111111111. 421

3111111111ἓῲ 11111, 1111111111 11111111,
11111 111 1111111111111111.
,11 (1 11111111 1111111 111 1111111
(111) ,3111111111πί1 11111111, 11111, 111 11111111.
91111 in (1111 1111 111111111111
911 11111111, 11111 1111111 1111111111)
11 suin 1111111,111111, 111111111111111111
311 111111 1111111 111111 1111111111.
11111 jn 1111111111 1111111111.
1111111, 1111, 11111111, 1111111111’11111
11 5111111111, 1111 1111111111 1111.
111111 11111111) 111 11111 1111,
111 1111 1111111 11111 1111 111111.
(111) 1111 111111 Ε111111111.
11 11111 111111 mit 11111 11111 1111111111
111611111111111 1111 1111111111 111111,
3⁰ 1111 tt 1111 (1111111111 111)
1111111 11111111 11111 111111.
11 111111 11111 11111 11111111 1111111,
pati 111 11111 1111, 111111111111.
,1111111111 11 111 111111 1111 1111111111,
§tm 8111111111, 111 jn 111111 1111111,
111 1111111111111111 1111 11 11111111.
(111) 1111 1111111111 11111 1111111111 111111,
Cr 111 11 11111 111111 1111111111,
111 im 3¹¹ 11111 1111 111 11111111,
111 111, 111111 1111111111 111 111111 11111111,
van 111111, 1111111111 111 1111111111,
111 1111111111 1111111111 11111.
Struma 111111 1111 111111 11111 1111111,
111 311111 11111111 111111111111,
11111111 1111111111 1111111111.
1111 111111111111 1111111111 111111.
(111) nuo 1111111111 11111111 111 111111,
111 1111111111 8111111111
1111 1111111 11111111111111111.
1111 11 jn 1111 111111 111 111111,
311111111111 1111 1111111 11111111.
111 1111111 11111111 1111 &numism
11111111 1111111 11111 1111 1111,
1111111111 11 111111 11111111 blut, '
11111111, 111 1111, 1111, 1111111111.
111 fimi 11 1111111111 (1111111 11111
(111) 611111 1111111 11111111 111 11111111.
wir 1111111 1111111 1111111 1111,
vul 11111111 11111, 1111111 111 1111.
111 vil 1111111111 11 111 1111111
Danu 11111, 11 111 111 1111111111 11111111
1111111111 om 11111111 1111111111,
ι 3111 1111111111, 1111111111111111,

 

